[
  1.7017618417739868,
  1.6744695901870728,
  1.6358458995819092,
  1.5875345468521118,
  1.5311683416366577,
  1.4682745933532715,
  1.4003454446792603,
  1.3287954330444336,
  1.255063533782959,
  1.180521011352539,
  1.1066374778747559,
  1.034963607788086,
  0.967238187789917,
  0.9053692817687988,
  0.8515181541442871,
  0.8079509735107422,
  0.7766344547271729,
  0.7582716941833496,
  0.7508251667022705,
  0.7448629140853882,
  0.7316356897354126,
  0.7184710502624512,
  0.7034921646118164,
  0.6861079931259155,
  0.6690019369125366,
  0.6540085077285767,
  0.6415723562240601,
  0.6310530304908752,
  0.6213682889938354,
  0.6115226745605469,
  0.6008816361427307,
  0.5892629027366638,
  0.5768429636955261,
  0.5640866756439209,
  0.5515416264533997,
  0.5397354364395142,
  0.5289930701255798,
  0.5193687081336975,
  0.5106253623962402,
  0.5023573040962219,
  0.49415990710258484,
  0.48583945631980896,
  0.4774491488933563,
  0.4692402184009552,
  0.4614793360233307,
  0.45435890555381775,
  0.4479265809059143,
  0.4420951008796692,
  0.4367213249206543,
  0.4316703677177429,
  0.42684295773506165,
  0.4222177267074585,
  0.41782909631729126,
  0.41376179456710815,
  0.41008344292640686,
  0.40683436393737793,
  0.4040106236934662,
  0.4015664756298065,
  0.399427205324173,
  0.39751648902893066,
  0.39577755331993103,
  0.3941812515258789,
  0.39272305369377136,
  0.39141252636909485,
  0.3902548849582672,
  0.3892418146133423,
  0.3883433938026428,
  0.38751915097236633,
  0.3867306411266327,
  0.3859446048736572,
  0.38514137268066406,
  0.3843151926994324,
  0.383468359708786,
  0.3826063871383667,
  0.38173365592956543,
  0.38084980845451355,
  0.3799530565738678,
  0.3790375590324402,
  0.3780985474586487,
  0.3771369755268097,
  0.3761565685272217,
  0.37516283988952637,
  0.37416473031044006,
  0.3731669783592224,
  0.3721753656864166,
  0.37119245529174805,
  0.37021857500076294,
  0.36925312876701355,
  0.3682953119277954,
  0.36734384298324585,
  0.36639919877052307,
  0.3654610216617584,
  0.36453017592430115,
  0.36360692977905273,
  0.362691730260849,
  0.36178386211395264,
  0.36088141798973083,
  0.3599832355976105,
  0.3590877950191498,
  0.35819390416145325,
  0.3573010265827179
]