[
  1.7131843566894531,
  1.7064814567565918,
  1.6962753534317017,
  1.683007001876831,
  1.6670632362365723,
  1.6488001346588135,
  1.6285781860351562,
  1.606644868850708,
  1.5833131074905396,
  1.5588207244873047,
  1.5334055423736572,
  1.5072710514068604,
  1.4805924892425537,
  1.4535313844680786,
  1.4262547492980957,
  1.398906946182251,
  1.3716087341308594,
  1.344445824623108,
  1.3175077438354492,
  1.2908984422683716,
  1.2646942138671875,
  1.238956332206726,
  1.213738203048706,
  1.1890709400177002,
  1.165022850036621,
  1.141623854637146,
  1.1188766956329346,
  1.0968209505081177,
  1.0754613876342773,
  1.0548129081726074,
  1.0348963737487793,
  1.0157172679901123,
  0.9972728490829468,
  0.979570746421814,
  0.9625955820083618,
  0.9463361501693726,
  0.9307727813720703,
  0.9158927202224731,
  0.9016933441162109,
  0.8881568908691406,
  0.875267505645752,
  0.8629950284957886,
  0.8513343334197998,
  0.8402541875839233,
  0.8297414779663086,
  0.8197760581970215,
  0.810329258441925,
  0.8013767004013062,
  0.7928886413574219,
  0.7848302125930786,
  0.7771878242492676,
  0.769939661026001,
  0.7630586624145508,
  0.7565287351608276,
  0.7503280639648438,
  0.7444307804107666,
  0.7388207912445068,
  0.7334734201431274,
  0.728362500667572,
  0.7234792709350586,
  0.7187982797622681,
  0.7143018245697021,
  0.709977388381958,
  0.7058160305023193,
  0.7018024325370789,
  0.6979210376739502,
  0.6941587328910828,
  0.6905057430267334,
  0.6869531869888306,
  0.6834930181503296,
  0.6801104545593262,
  0.6768004894256592,
  0.6735589504241943,
  0.6703775525093079,
  0.6672495603561401,
  0.6641712188720703,
  0.6611373424530029,
  0.6581438183784485,
  0.6551877856254578,
  0.652269184589386,
  0.6493837833404541,
  0.6465299129486084,
  0.6437047719955444,
  0.6409057974815369,
  0.6381328105926514,
  0.635385274887085,
  0.6326617002487183,
  0.6299616694450378,
  0.6272850036621094,
  0.6246315240859985,
  0.6220012307167053,
  0.6193962693214417,
  0.6168133020401001,
  0.6142544746398926,
  0.6117185354232788,
  0.6092041730880737,
  0.606713056564331,
  0.6042462587356567,
  0.6018025875091553,
  0.5993819832801819,
  0.5969827175140381
]