[
  386.942138671875,
  209.07472229003906,
  62.19904708862305,
  0.8995774388313293,
  29.297517776489258,
  109.36788177490234,
  186.11941528320312,
  216.93797302246094,
  190.01712036132812,
  124.16313171386719,
  53.37276077270508,
  8.422385215759277,
  2.066862106323242,
  26.61196517944336,
  61.463497161865234,
  85.32129669189453,
  86.3517837524414,
  66.15043640136719,
  36.45641326904297,
  11.30793285369873,
  0.261428564786911,
  4.508487701416016,
  17.763164520263672,
  30.89627456665039,
  36.5887565612793,
  32.39388656616211,
  21.53401756286621,
  9.522834777832031,
  1.6232476234436035,
  0.2878269851207733,
  4.371564865112305,
  10.342483520507812,
  14.532182693481445,
  14.931777954101562,
  11.530976295471191,
  6.421141147613525,
  2.044339179992676,
  0.06711748242378235,
  0.6952238082885742,
  2.887996196746826,
  5.148781776428223,
  6.204685211181641,
  5.5467753410339355,
  3.707479953765869,
  1.661075472831726,
  0.29831627011299133,
  0.03813157603144646,
  0.7032036781311035,
  1.7351627349853516,
  2.4704861640930176,
  2.5257718563079834,
  1.947243094444275,
  1.0651297569274902,
  0.3246496617794037,
  0.007941634394228458,
  0.12488219887018204,
  0.4863550662994385,
  0.8286817073822021,
  0.9496374726295471,
  0.8085559606552124,
  0.5132761597633362,
  0.21027544140815735,
  0.028313573449850082,
  0.012217349372804165,
  0.11671022325754166,
  0.252532958984375,
  0.3394070565700531,
  0.33924904465675354,
  0.25190120935440063,
  0.1346738636493683,
  0.03731817007064819,
  0.0004231555212754756,
  0.027165791019797325,
  0.08757747709751129,
  0.1414032131433487,
  0.16891707479953766,
  0.14463305473327637,
  0.09803014993667603,
  0.04447542503476143,
  0.0092947231605649,
  0.0009213170851580799,
  0.015484281815588474,
  0.03854477405548096,
  0.05219235271215439,
  0.05306883156299591,
  0.03646228089928627,
  0.016879448667168617,
  0.0033610244281589985,
  0.0002522793074604124,
  0.007052493281662464,
  0.01982087641954422,
  0.027903465554118156,
  0.03064352087676525,
  0.02758810482919216,
  0.020606083795428276,
  0.00877196341753006,
  0.002269132761284709,
  0.00015464234456885606,
  0.002022190485149622,
  0.0059562562964856625,
  0.007949813269078732
]