[
  510.5127868652344,
  508.9886169433594,
  506.8205261230469,
  504.0801696777344,
  500.82916259765625,
  497.1324462890625,
  493.03985595703125,
  488.5988464355469,
  483.8519287109375,
  478.8453063964844,
  473.6148681640625,
  468.19366455078125,
  462.6097106933594,
  456.89141845703125,
  451.06304931640625,
  445.1467590332031,
  439.16473388671875,
  433.13037109375,
  427.0570983886719,
  420.9596862792969,
  414.8533630371094,
  408.7488708496094,
  402.6585693359375,
  396.5845642089844,
  390.53729248046875,
  384.52398681640625,
  378.5506896972656,
  372.6254577636719,
  366.7524108886719,
  360.93701171875,
  355.18011474609375,
  349.4837341308594,
  343.8546447753906,
  338.2927551269531,
  332.7991943359375,
  327.3746337890625,
  322.01995849609375,
  316.7381896972656,
  311.5303955078125,
  306.3949279785156,
  301.331298828125,
  296.3406982421875,
  291.4216003417969,
  286.57611083984375,
  281.8028564453125,
  277.1014099121094,
  272.47235107421875,
  267.9161071777344,
  263.4303283691406,
  259.0146789550781,
  254.66856384277344,
  250.39207458496094,
  246.1836395263672,
  242.04330444335938,
  237.9700164794922,
  233.9641571044922,
  230.02381896972656,
  226.1493682861328,
  222.3397674560547,
  218.5913543701172,
  214.90402221679688,
  211.27613830566406,
  207.7097625732422,
  204.20211791992188,
  200.75099182128906,
  197.35775756835938,
  194.0207061767578,
  190.7398223876953,
  187.51231384277344,
  184.33926391601562,
  181.21994018554688,
  178.15380859375,
  175.1397705078125,
  172.17645263671875,
  169.26419067382812,
  166.40042114257812,
  163.58538818359375,
  160.81845092773438,
  158.0985870361328,
  155.42384338378906,
  152.7948760986328,
  150.20851135253906,
  147.66598510742188,
  145.16616821289062,
  142.70794677734375,
  140.28988647460938,
  137.91111755371094,
  135.5724639892578,
  133.27438354492188,
  131.01455688476562,
  128.7939453125,
  126.61181640625,
  124.46570587158203,
  122.35527038574219,
  120.27997589111328,
  118.2403564453125,
  116.23518371582031,
  114.26432037353516,
  112.32684326171875,
  110.4219970703125,
  108.54854583740234
]