[
  1.715573787689209,
  1.714697003364563,
  1.7133985757827759,
  1.711704134941101,
  1.7096636295318604,
  1.7073150873184204,
  1.7047065496444702,
  1.7018585205078125,
  1.698797345161438,
  1.6955375671386719,
  1.692104458808899,
  1.688511610031128,
  1.6847820281982422,
  1.6809333562850952,
  1.6769604682922363,
  1.6728891134262085,
  1.6687287092208862,
  1.6645084619522095,
  1.6602320671081543,
  1.655907154083252,
  1.6515380144119263,
  1.647136926651001,
  1.6426993608474731,
  1.638249158859253,
  1.633783221244812,
  1.629305124282837,
  1.6248109340667725,
  1.6203153133392334,
  1.6158143281936646,
  1.6113070249557495,
  1.6067817211151123,
  1.6022497415542603,
  1.597733974456787,
  1.593218207359314,
  1.5887036323547363,
  1.5842057466506958,
  1.5797139406204224,
  1.5752335786819458,
  1.5707594156265259,
  1.5663061141967773,
  1.561871886253357,
  1.5574463605880737,
  1.5530297756195068,
  1.548618197441101,
  1.5442187786102295,
  1.5398412942886353,
  1.5354827642440796,
  1.5311472415924072,
  1.5268304347991943,
  1.5225317478179932,
  1.518261194229126,
  1.5140042304992676,
  1.5097694396972656,
  1.50555419921875,
  1.5013630390167236,
  1.4972014427185059,
  1.4930537939071655,
  1.4889246225357056,
  1.4848212003707886,
  1.4807343482971191,
  1.4766721725463867,
  1.472625494003296,
  1.4686070680618286,
  1.4646047353744507,
  1.460618257522583,
  1.456653356552124,
  1.452694296836853,
  1.4487547874450684,
  1.4448299407958984,
  1.440921664237976,
  1.4370288848876953,
  1.433151125907898,
  1.4292879104614258,
  1.42545485496521,
  1.4216371774673462,
  1.4178431034088135,
  1.4140700101852417,
  1.4103217124938965,
  1.4065899848937988,
  1.402876853942871,
  1.399173617362976,
  1.395493507385254,
  1.3918333053588867,
  1.3881912231445312,
  1.3845534324645996,
  1.3809354305267334,
  1.3773421049118042,
  1.3737510442733765,
  1.370180606842041,
  1.3666263818740845,
  1.3630963563919067,
  1.3595876693725586,
  1.3561004400253296,
  1.3526304960250854,
  1.3491795063018799,
  1.3457489013671875,
  1.3423380851745605,
  1.3389451503753662,
  1.3355745077133179,
  1.3322200775146484,
  1.3288843631744385
]