[
  1.7007293701171875,
  1.6714723110198975,
  1.6301078796386719,
  1.5784385204315186,
  1.5182621479034424,
  1.4512706995010376,
  1.3791263103485107,
  1.3034194707870483,
  1.2257843017578125,
  1.147809624671936,
  1.0712294578552246,
  0.997916042804718,
  0.9300093650817871,
  0.8698793649673462,
  0.8201491236686707,
  0.7833055853843689,
  0.76078861951828,
  0.7512303590774536,
  0.745829701423645,
  0.7318304777145386,
  0.7178891897201538,
  0.702476441860199,
  0.6842367053031921,
  0.66612708568573,
  0.650343656539917,
  0.6373479962348938,
  0.626383900642395,
  0.6162160038948059,
  0.6057565808296204,
  0.5943567156791687,
  0.5818739533424377,
  0.5686134696006775,
  0.5551303029060364,
  0.5420923233032227,
  0.5300358533859253,
  0.5192517638206482,
  0.5096622109413147,
  0.500881552696228,
  0.49240314960479736,
  0.4838557243347168,
  0.4751506447792053,
  0.46651989221572876,
  0.4583047926425934,
  0.45078638195991516,
  0.44405704736709595,
  0.43805477023124695,
  0.4326119124889374,
  0.42754486203193665,
  0.42273834347724915,
  0.4181603789329529,
  0.4138374626636505,
  0.40985307097435,
  0.4062913656234741,
  0.4032122790813446,
  0.40060359239578247,
  0.39839938282966614,
  0.39650455117225647,
  0.3948235511779785,
  0.3932865560054779,
  0.3918706774711609,
  0.3905796408653259,
  0.38942378759384155,
  0.3884045481681824,
  0.387504518032074,
  0.38668718934059143,
  0.38590413331985474,
  0.3851110637187958,
  0.38427844643592834,
  0.3833969533443451,
  0.3824699819087982,
  0.38151058554649353,
  0.38053232431411743,
  0.3795427083969116,
  0.3785421550273895,
  0.3775228261947632,
  0.3764817416667938,
  0.375419020652771,
  0.3743364214897156,
  0.37324196100234985,
  0.37214890122413635,
  0.3710663318634033,
  0.36999887228012085,
  0.3689478635787964,
  0.36791110038757324,
  0.36688563227653503,
  0.36586877703666687,
  0.3648601770401001,
  0.3638598322868347,
  0.36286816000938416,
  0.36188533902168274,
  0.36091145873069763,
  0.3599448800086975,
  0.3589840531349182,
  0.3580271005630493,
  0.35707229375839233,
  0.35611802339553833,
  0.3551633059978485,
  0.35420918464660645,
  0.35325565934181213,
  0.3523024618625641,
  0.3513500392436981
]