[
  1.7149152755737305,
  1.7124505043029785,
  1.7087293863296509,
  1.7038402557373047,
  1.6979546546936035,
  1.691252589225769,
  1.6837940216064453,
  1.675647258758545,
  1.6668866872787476,
  1.6575829982757568,
  1.6478238105773926,
  1.6376844644546509,
  1.6272413730621338,
  1.616542935371399,
  1.6056183576583862,
  1.5945106744766235,
  1.5831990242004395,
  1.5717756748199463,
  1.560276746749878,
  1.5487053394317627,
  1.5370838642120361,
  1.5254120826721191,
  1.5137721300125122,
  1.5021276473999023,
  1.4905304908752441,
  1.47892427444458,
  1.4673798084259033,
  1.4559184312820435,
  1.4444873332977295,
  1.4331940412521362,
  1.4219666719436646,
  1.41081964969635,
  1.3997931480407715,
  1.3888572454452515,
  1.3780574798583984,
  1.3673641681671143,
  1.3567578792572021,
  1.3462631702423096,
  1.3358992338180542,
  1.325689435005188,
  1.315626621246338,
  1.3056979179382324,
  1.295896291732788,
  1.2862074375152588,
  1.2766660451889038,
  1.2672334909439087,
  1.2579618692398071,
  1.2488067150115967,
  1.2397507429122925,
  1.2308465242385864,
  1.2220534086227417,
  1.2133734226226807,
  1.2048304080963135,
  1.1964340209960938,
  1.1881346702575684,
  1.179961085319519,
  1.1719127893447876,
  1.1639646291732788,
  1.1561219692230225,
  1.1484168767929077,
  1.1408125162124634,
  1.133317232131958,
  1.1259719133377075,
  1.1187493801116943,
  1.1116294860839844,
  1.1046327352523804,
  1.0977504253387451,
  1.0910029411315918,
  1.0843732357025146,
  1.0778378248214722,
  1.0713945627212524,
  1.0650410652160645,
  1.0588072538375854,
  1.052697777748108,
  1.0466694831848145,
  1.040724515914917,
  1.0348907709121704,
  1.0291301012039185,
  1.0234495401382446,
  1.017844796180725,
  1.0123471021652222,
  1.0069191455841064,
  1.0016043186187744,
  0.9964076280593872,
  0.991283118724823,
  0.9862282276153564,
  0.9812377691268921,
  0.9763346910476685,
  0.9714998602867126,
  0.9667665958404541,
  0.96211838722229,
  0.957564651966095,
  0.9530876874923706,
  0.9486926198005676,
  0.9443671703338623,
  0.9401072859764099,
  0.9359234571456909,
  0.9318102598190308,
  0.9277803897857666,
  0.9238154888153076,
  0.9199155569076538
]