[
  1.711479902267456,
  1.702019453048706,
  1.6881026029586792,
  1.6702802181243896,
  1.6491352319717407,
  1.62520432472229,
  1.598976731300354,
  1.5708918571472168,
  1.5412967205047607,
  1.5106134414672852,
  1.4791176319122314,
  1.4471118450164795,
  1.4148359298706055,
  1.382537603378296,
  1.350405216217041,
  1.3185820579528809,
  1.2872074842453003,
  1.2564599514007568,
  1.2264066934585571,
  1.1971564292907715,
  1.1687711477279663,
  1.1412664651870728,
  1.114682674407959,
  1.0891046524047852,
  1.0645403861999512,
  1.0409601926803589,
  1.018362045288086,
  0.9967525005340576,
  0.9761063456535339,
  0.9563800096511841,
  0.9375644326210022,
  0.9196243286132812,
  0.9025411605834961,
  0.8863005638122559,
  0.8708664178848267,
  0.8562115430831909,
  0.8422731161117554,
  0.8290290832519531,
  0.8164314031600952,
  0.8044602870941162,
  0.7930704355239868,
  0.7822511196136475,
  0.7719488739967346,
  0.7621392011642456,
  0.7527990341186523,
  0.7439026832580566,
  0.7354191541671753,
  0.7273338437080383,
  0.7196057438850403,
  0.7122224569320679,
  0.7051569223403931,
  0.6983919143676758,
  0.6918971538543701,
  0.6856657862663269,
  0.6796717643737793,
  0.6739087104797363,
  0.6683562994003296,
  0.6629977226257324,
  0.6578308343887329,
  0.6528410911560059,
  0.6480071544647217,
  0.6433302164077759,
  0.6387994289398193,
  0.6344024538993835,
  0.630127489566803,
  0.6259691119194031,
  0.6219176054000854,
  0.6179668307304382,
  0.6141127943992615,
  0.6103537082672119,
  0.606681227684021,
  0.6030925512313843,
  0.5995835661888123,
  0.5961474776268005,
  0.5927832722663879,
  0.5894870758056641,
  0.5862577557563782,
  0.5830919742584229,
  0.5799821615219116,
  0.5769256949424744,
  0.5739237666130066,
  0.5709740519523621,
  0.5680748224258423,
  0.5652246475219727,
  0.5624229907989502,
  0.5596668720245361,
  0.5569539070129395,
  0.5542815923690796,
  0.5516479015350342,
  0.5490511059761047,
  0.5464922189712524,
  0.543971061706543,
  0.5414881110191345,
  0.5390400886535645,
  0.5366280674934387,
  0.5342531800270081,
  0.5319114327430725,
  0.5296030044555664,
  0.5273257493972778,
  0.5250805616378784,
  0.5228648781776428
]